       0	-7.23661	
       1	-7.92334	
       2	-8.41823	
       3	-8.08324	
       4	-8.48602	
       5	-8.06717	
       6	-8.30661	
       7	-8.67350	
       8	-8.96140	
       9	-9.32531	
      10	-9.33670	
      11	-8.87821	
      12	-9.01172	
      13	-9.11284	
      14	-9.55281	
      15	-9.44062	
      16	-8.96606	
      17	-9.34239	
      18	-9.67048	
      19	-10.34448	
      20	-9.92296	
      21	-10.04588	
      22	-10.70218	
      23	-10.08785	
      24	-10.68732	
      25	-10.31508	
      26	-10.43187	
      27	-10.94856	
      28	-10.68238	
      29	-11.58610	
      30	-10.86668	
      31	-11.03473	
      32	-11.33239	
      33	-11.25777	
      34	-11.34714	
      35	-11.89909	
      36	-11.74991	
      37	-11.79943	
      38	-11.48820	
      39	-11.76450	
      40	-11.15309	
      41	-12.47766	
      42	-11.96609	
      43	-11.66731	
      44	-12.51805	
      45	-12.22468	
      46	-11.95968	
      47	-12.70466	
      48	-12.81143	
      49	-12.87622	
      50	-12.97555	
      51	-12.90981	
      52	-13.33724	
      53	-12.78421	
      54	-12.87821	
      55	-12.91363	
      56	-13.30852	
      57	-13.71098	
      58	-13.16723	
      59	-14.05855	
      60	-13.67014	
      61	-13.45570	
      62	-13.90789	
      63	-13.94804	
      64	-13.76495	
      65	-13.66906	
      66	-13.62690	
      67	-13.73358	
      68	-14.10542	
      69	-13.76355	
      70	-13.89167	
      71	-13.95749	
      72	-13.96033	
      73	-13.84766	
      74	-13.87626	
      75	-14.03957	
      76	-13.96133	
      77	-13.89378	
      78	-14.37222	
      79	-14.19848	
      80	-14.23621	
      81	-14.27379	
      82	-14.47284	
      83	-14.42941	
      84	-14.40797	
      85	-14.38119	
      86	-14.63575	
      87	-14.15818	
      88	-14.78911	
      89	-14.55924	
      90	-14.48063	
      91	-15.03593	
      92	-14.59360	
      93	-15.06597	
      94	-14.62955	
      95	-14.91936	
      96	-15.42068	
      97	-15.56607	
      98	-15.76843	
      99	-16.39231	
     100	-15.74424	
     101	-16.17481	
     102	-15.76269	
     103	-15.39129	
     104	-15.50140	
     105	-17.01968	
     106	-16.75927	
     107	-16.14181	
     108	-15.73074	
     109	-17.24683	
     110	-15.43865	
     111	-17.03265	
     112	-16.83928	
     113	-15.95342	
     114	-16.69930	
     115	-16.32044	
     116	-17.21979	
     117	-16.69479	
     118	-17.62033	
     119	-17.45286	
     120	-15.36159	
     121	-17.05424	
     122	-17.21192	
     123	-17.11529	
     124	-17.18989	
     125	-16.70881	
     126	-16.37964	
     127	-17.05236	
     128	-17.61894	
     129	-17.44616	
     130	-16.06676	
     131	-16.15464	
     132	-16.78462	
     133	-16.53412	
     134	-17.40880	
     135	-17.12583	
     136	-17.15726	
     137	-16.69062	
     138	-17.22309	
     139	-17.67197	
     140	-17.08327	
     141	-17.60657	
     142	-17.45783	
     143	-17.33247	
     144	-16.73850	
     145	-17.31549	
     146	-17.09687	
     147	-16.98017	
     148	-17.33240	
     149	-17.02272	
     150	-17.51967	
     151	-17.04898	
     152	-17.69688	
     153	-17.50382	
     154	-17.79969	
     155	-17.52649	
     156	-17.69290	
     157	-17.73279	
     158	-17.66500	
     159	-17.76618	
     160	-17.77422	
     161	-17.72440	
     162	-17.67536	
     163	-17.75573	
     164	-17.73356	
     165	-17.72729	
     166	-17.73399	
     167	-17.69167	
     168	-17.73416	
     169	-17.71292	
     170	-17.77285	
     171	-17.70594	
     172	-17.72198	
     173	-17.73433	
     174	-17.73453	
     175	-17.74903	
     176	-17.73015	
     177	-17.65815	
     178	-17.74324	
     179	-17.74406	
     180	-17.73984	
     181	-17.69067	
     182	-17.67821	
     183	-17.68017	
     184	-17.69553	
     185	-17.73031	
     186	-17.66296	
     187	-17.68994	
     188	-17.63779	
     189	-17.69700	
     190	-17.67176	
     191	-17.66396	
     192	-17.70703	
     193	-17.68321	
     194	-17.65607	
     195	-17.70756	
     196	-17.61744	
     197	-17.64587	
     198	-17.61050	
     199	-17.57295	
     200	-17.68200	
     201	-17.66698	
     202	-17.69698	
     203	-17.67382	
     204	-17.66792	
     205	-17.66735	
     206	-17.65627	
     207	-17.65709	
     208	-17.61349	
     209	-17.64362	
     210	-17.64999	
     211	-17.63563	
     212	-17.65434	
     213	-17.62983	
     214	-17.60550	
     215	-17.62870	
     216	-17.63561	
     217	-17.65182	
     218	-17.64467	
     219	-17.60529	
     220	-17.62728	
     221	-17.60912	
     222	-17.57857	
     223	-17.64303	
     224	-17.57700	
     225	-17.57345	
     226	-17.59894	
     227	-17.57004	
     228	-17.58622	
     229	-17.64301	
     230	-17.62755	
     231	-17.64841	
     232	-17.58725	
     233	-17.61964	
     234	-17.60853	
     235	-17.60153	
     236	-17.57661	
     237	-17.54690	
     238	-17.51089	
     239	-17.56022	
     240	-17.58136	
     241	-17.50760	
     242	-17.59761	
     243	-17.65549	
     244	-17.53478	
     245	-17.55900	
     246	-17.60714	
     247	-17.59798	
     248	-17.56599	
     249	-17.55420	
     250	-17.57307	
     251	-17.56666	
     252	-17.57715	
     253	-17.56787	
     254	-17.55841	
     255	-17.57957	
     256	-17.49745	
     257	-17.56292	
     258	-17.45687	
     259	-17.54298	
     260	-17.53473	
     261	-17.54713	
     262	-17.51135	
     263	-17.45194	
     264	-17.52835	
     265	-17.51834	
     266	-17.53464	
     267	-17.55598	
     268	-17.52299	
     269	-17.50281	
     270	-17.56881	
     271	-17.54907	
     272	-17.55250	
     273	-17.57365	
     274	-17.57516	
     275	-17.53409	
     276	-17.52469	
     277	-17.55117	
     278	-17.51785	
     279	-17.55467	
     280	-17.52605	
     281	-17.51435	
     282	-17.49105	
     283	-17.55127	
     284	-17.52120	
     285	-17.51761	
     286	-17.54046	
     287	-17.42570	
     288	-17.43853	
     289	-17.49627	
     290	-17.49269	
     291	-17.40529	
     292	-17.46100	
     293	-17.42745	
     294	-17.51665	
     295	-17.46509	
     296	-17.51039	
     297	-17.52293	
     298	-17.66052	
     299	-17.49924	
     300	-17.53002	
     301	-17.51901	
     302	-17.50953	
     303	-17.55992	
     304	-17.49165	
     305	-17.35277	
     306	-17.44907	
     307	-17.52322	
     308	-17.47567	
     309	-17.48904	
     310	-17.44119	
     311	-17.41851	
     312	-17.47456	
     313	-17.50283	
     314	-17.52420	
     315	-17.46366	
     316	-17.42860	
     317	-17.42625	
     318	-17.45354	
     319	-17.44607	
     320	-17.49011	
     321	-17.41356	
     322	-17.45467	
     323	-17.40853	
     324	-17.49014	
     325	-17.38866	
     326	-17.46611	
     327	-17.42868	
     328	-17.41901	
     329	-17.40439	
     330	-17.45614	
     331	-17.45761	
     332	-17.45244	
     333	-17.44008	
     334	-17.48636	
     335	-17.45545	
     336	-17.46255	
     337	-17.48265	
     338	-17.44845	
     339	-17.45307	
     340	-17.51163	
     341	-17.47944	
     342	-17.42888	
     343	-17.48431	
     344	-17.47524	
     345	-17.48766	
     346	-17.46619	
     347	-17.47691	
     348	-17.45746	
     349	-17.40274	
     350	-17.44251	
     351	-17.40890	
     352	-17.47915	
     353	-17.45622	
     354	-17.48048	
     355	-17.33277	
     356	-17.41834	
     357	-17.46275	
     358	-17.41444	
     359	-17.45291	
     360	-17.34065	
     361	-17.47080	
     362	-17.42663	
     363	-17.34791	
     364	-17.44522	
     365	-17.45986	
     366	-17.51225	
     367	-17.37954	
     368	-17.46349	
     369	-17.42742	
     370	-17.45737	
     371	-17.42295	
     372	-17.34362	
     373	-17.45908	
     374	-17.45999	
     375	-17.42528	
     376	-17.41581	
     377	-17.39847	
     378	-17.47924	
     379	-17.40196	
