       0	-1.05659	
       1	-1.96610	
       2	-2.90039	
       3	-3.61814	
       4	-4.45448	
       5	-4.83131	
       6	-5.14034	
       7	-5.04122	
       8	-5.37041	
       9	-5.34932	
      10	-5.60712	
      11	-5.79976	
      12	-5.55553	
      13	-5.63367	
      14	-5.53102	
      15	-5.50651	
      16	-5.68324	
      17	-5.52885	
      18	-5.74612	
      19	-6.02614	
      20	-5.70214	
      21	-5.73932	
      22	-5.84900	
      23	-5.48344	
      24	-5.40062	
      25	-5.22838	
      26	-5.05479	
      27	-5.35861	
      28	-5.35138	
      29	-5.48947	
      30	-5.76066	
      31	-5.75677	
      32	-5.70952	
      33	-5.70851	
      34	-5.47673	
      35	-5.54930	
      36	-5.67767	
      37	-6.11246	
      38	-6.18009	
      39	-6.17486	
      40	-6.41239	
      41	-6.31244	
      42	-6.26321	
      43	-6.43728	
      44	-6.49769	
      45	-6.43140	
      46	-6.63009	
      47	-6.84255	
      48	-6.56856	
      49	-6.75680	
      50	-6.81468	
      51	-7.21449	
      52	-7.47342	
      53	-7.46698	
      54	-7.38159	
      55	-7.50729	
      56	-7.32659	
      57	-7.09217	
      58	-7.09909	
      59	-7.15030	
      60	-7.08174	
      61	-6.74028	
      62	-6.90693	
      63	-6.91801	
      64	-6.78144	
      65	-6.93367	
      66	-6.94605	
      67	-7.04331	
      68	-7.20803	
      69	-7.23889	
      70	-7.44176	
      71	-7.71434	
      72	-7.35037	
      73	-7.39375	
      74	-7.58236	
      75	-7.16550	
      76	-7.52351	
      77	-7.34420	
      78	-7.51387	
      79	-7.60134	
      80	-7.41586	
      81	-7.20425	
      82	-7.38115	
      83	-7.04965	
      84	-7.14576	
      85	-7.07422	
      86	-7.11117	
      87	-7.22585	
      88	-7.31358	
      89	-7.15117	
      90	-7.12416	
      91	-7.22848	
      92	-7.51401	
      93	-7.65487	
      94	-7.73924	
      95	-7.87299	
      96	-7.96058	
      97	-7.96069	
      98	-7.76571	
      99	-7.66335	
     100	-7.74120	
     101	-7.73097	
     102	-7.76190	
     103	-7.88399	
     104	-7.85777	
     105	-7.99522	
     106	-8.14203	
     107	-8.18364	
     108	-8.14425	
     109	-8.23947	
     110	-8.11468	
     111	-8.06395	
     112	-8.22078	
     113	-8.23872	
     114	-8.26776	
     115	-8.22435	
     116	-8.27810	
     117	-8.23120	
     118	-8.25844	
     119	-8.22749	
     120	-8.36851	
     121	-8.33583	
     122	-8.60321	
     123	-8.69302	
     124	-8.59615	
     125	-8.56206	
     126	-8.73652	
     127	-8.89417	
     128	-9.04438	
     129	-9.05586	
     130	-9.16196	
     131	-9.23936	
     132	-9.41251	
     133	-9.40985	
     134	-9.37942	
     135	-9.37311	
     136	-9.51658	
     137	-9.53361	
     138	-9.57794	
     139	-9.58600	
     140	-9.61323	
     141	-9.54709	
     142	-9.54106	
     143	-9.53569	
     144	-9.60045	
     145	-9.60807	
     146	-9.59869	
     147	-9.57632	
     148	-9.58021	
     149	-9.60602	
     150	-9.65369	
     151	-9.62735	
     152	-9.63466	
     153	-9.65084	
     154	-9.67427	
     155	-9.66523	
     156	-9.61248	
     157	-9.65200	
     158	-9.66937	
     159	-9.67609	
     160	-9.72278	
     161	-9.71369	
     162	-9.70988	
     163	-9.70325	
     164	-9.72786	
     165	-9.74355	
     166	-9.75124	
     167	-9.82307	
     168	-9.76813	
     169	-9.83333	
     170	-9.82916	
     171	-9.83725	
     172	-9.86596	
     173	-9.85377	
     174	-9.84870	
     175	-9.78597	
     176	-9.79311	
     177	-9.80452	
     178	-9.89258	
     179	-9.96166	
     180	-9.89254	
     181	-9.78056	
     182	-9.71732	
     183	-9.71782	
     184	-9.75602	
     185	-9.72353	
     186	-9.76084	
     187	-9.79786	
     188	-9.78406	
     189	-9.85008	
     190	-9.83942	
     191	-9.84920	
     192	-9.82502	
     193	-9.80592	
     194	-9.75580	
     195	-9.81502	
     196	-9.86099	
     197	-9.92906	
     198	-9.90719	
     199	-9.90535	
     200	-9.88842	
     201	-9.99560	
     202	-10.05270	
     203	-10.01448	
     204	-10.02683	
     205	-9.98534	
     206	-10.00655	
     207	-9.96114	
     208	-9.98521	
     209	-9.87851	
     210	-9.79329	
     211	-9.89202	
     212	-9.96156	
     213	-9.95686	
     214	-9.96367	
     215	-10.12619	
     216	-10.08574	
     217	-10.19265	
     218	-10.22394	
     219	-10.32087	
     220	-10.50843	
     221	-10.44903	
     222	-10.31873	
     223	-10.35590	
     224	-10.28684	
     225	-10.14092	
     226	-10.00205	
     227	-10.08591	
     228	-10.19253	
     229	-10.27735	
     230	-10.34549	
     231	-10.13753	
     232	-10.46703	
     233	-10.54196	
     234	-10.61727	
     235	-10.77861	
     236	-11.07416	
     237	-11.27629	
     238	-11.03207	
     239	-10.65518	
     240	-10.79466	
     241	-10.79662	
     242	-10.55260	
     243	-10.49084	
     244	-10.43563	
     245	-10.84028	
     246	-10.96681	
     247	-11.55968	
     248	-11.68742	
     249	-11.71474	
     250	-12.04525	
     251	-11.96692	
     252	-11.74721	
     253	-12.07780	
     254	-12.27687	
     255	-12.49605	
     256	-12.23795	
     257	-12.14519	
     258	-12.31892	
     259	-12.54693	
     260	-12.64980	
     261	-12.82100	
     262	-12.91849	
     263	-12.96333	
     264	-13.04087	
     265	-13.09746	
     266	-13.17799	
     267	-13.21509	
     268	-13.28024	
     269	-13.30996	
     270	-13.33292	
     271	-13.37075	
     272	-13.36457	
     273	-13.37148	
     274	-13.37300	
     275	-13.38610	
     276	-13.38157	
     277	-13.37874	
     278	-13.38231	
     279	-13.39066	
     280	-13.41081	
     281	-13.38903	
     282	-13.41080	
     283	-13.40495	
     284	-13.38731	
     285	-13.38559	
     286	-13.39930	
     287	-13.41133	
     288	-13.40502	
     289	-13.40705	
     290	-13.39689	
     291	-13.40967	
     292	-13.40021	
     293	-13.40926	
     294	-13.40600	
     295	-13.44680	
     296	-13.44016	
     297	-13.43392	
     298	-13.42981	
     299	-13.43315	
     300	-13.44052	
     301	-13.46429	
     302	-13.44162	
     303	-13.44040	
     304	-13.41873	
     305	-13.45313	
     306	-13.45152	
     307	-13.45035	
     308	-13.45947	
     309	-13.43985	
     310	-13.42679	
     311	-13.42480	
     312	-13.40502	
     313	-13.39024	
     314	-13.39246	
     315	-13.38940	
     316	-13.40546	
     317	-13.41518	
     318	-13.43092	
     319	-13.43258	
