       0	-1.21451	
       1	-1.97758	
       2	-2.88218	
       3	-3.03888	
       4	-3.98854	
       5	-4.10708	
       6	-4.42948	
       7	-5.33214	
       8	-5.47146	
       9	-5.13359	
      10	-5.35371	
      11	-5.34949	
      12	-5.41498	
      13	-5.47951	
      14	-5.47238	
      15	-5.37969	
      16	-5.48398	
      17	-5.51463	
      18	-5.67742	
      19	-5.76619	
      20	-5.80365	
      21	-5.68855	
      22	-5.59644	
      23	-5.76931	
      24	-5.55664	
      25	-5.68020	
      26	-5.77134	
      27	-5.77598	
      28	-5.85047	
      29	-5.69811	
      30	-5.72061	
      31	-5.78911	
      32	-5.76861	
      33	-6.26784	
      34	-6.23821	
      35	-6.38622	
      36	-6.35179	
      37	-6.27915	
      38	-6.28000	
      39	-6.32591	
      40	-6.31506	
      41	-6.29582	
      42	-6.25911	
      43	-6.34227	
      44	-6.53190	
      45	-6.41803	
      46	-6.84997	
      47	-6.89494	
      48	-6.95007	
      49	-6.91394	
      50	-6.95954	
      51	-6.88385	
      52	-6.81935	
      53	-6.93584	
      54	-6.81861	
      55	-6.93959	
      56	-7.02228	
      57	-7.16125	
      58	-7.29664	
      59	-7.32262	
      60	-7.19757	
      61	-7.22904	
      62	-7.21656	
      63	-7.41249	
      64	-7.47785	
      65	-7.29987	
      66	-7.37393	
      67	-7.22575	
      68	-7.15967	
      69	-7.16575	
      70	-7.24387	
      71	-7.14250	
      72	-7.31561	
      73	-7.47960	
      74	-7.33262	
      75	-7.41966	
      76	-7.67862	
      77	-7.58095	
      78	-7.56907	
      79	-7.34866	
      80	-7.15312	
      81	-7.25280	
      82	-7.65364	
      83	-7.69608	
      84	-7.71173	
      85	-7.93256	
      86	-7.97182	
      87	-7.76316	
      88	-7.82677	
      89	-7.87524	
      90	-7.89039	
      91	-7.93081	
      92	-8.02307	
      93	-7.96124	
      94	-7.96551	
      95	-8.01684	
      96	-8.14265	
      97	-8.14186	
      98	-8.16099	
      99	-8.19334	
     100	-8.42488	
     101	-8.62764	
     102	-8.61981	
     103	-8.74253	
     104	-8.78289	
     105	-8.80280	
     106	-8.83152	
     107	-8.73867	
     108	-8.94499	
     109	-8.88301	
     110	-8.90587	
     111	-8.93864	
     112	-8.96360	
     113	-9.00069	
     114	-8.99034	
     115	-9.08366	
     116	-9.05019	
     117	-9.20455	
     118	-9.27831	
     119	-9.32369	
     120	-9.30245	
     121	-9.32354	
     122	-9.39165	
     123	-9.43616	
     124	-9.50246	
     125	-9.52582	
     126	-9.53911	
     127	-9.53194	
     128	-9.56368	
     129	-9.55554	
     130	-9.60824	
     131	-9.61624	
     132	-9.68305	
     133	-9.70062	
     134	-9.71888	
     135	-9.71847	
     136	-9.78976	
     137	-9.83861	
     138	-9.79992	
     139	-9.81473	
     140	-9.84731	
     141	-9.83631	
     142	-9.81421	
     143	-9.81235	
     144	-9.83482	
     145	-9.88359	
     146	-9.91588	
     147	-9.96791	
     148	-9.95789	
     149	-9.96602	
     150	-9.97545	
     151	-10.00641	
     152	-9.99349	
     153	-10.02781	
     154	-10.04174	
     155	-10.02393	
     156	-10.00809	
     157	-10.01286	
     158	-9.99009	
     159	-10.01018	
     160	-10.01674	
     161	-10.03306	
     162	-9.97098	
     163	-9.96716	
     164	-10.03113	
     165	-10.09202	
     166	-10.09468	
     167	-9.99647	
     168	-9.99763	
     169	-10.00190	
     170	-10.02231	
     171	-10.00839	
     172	-10.03402	
     173	-10.10014	
     174	-10.07386	
     175	-10.09976	
     176	-10.11932	
     177	-10.13645	
     178	-10.14114	
     179	-10.18399	
     180	-10.11450	
     181	-10.10627	
     182	-10.11464	
     183	-10.09195	
     184	-10.10197	
     185	-10.10485	
     186	-10.09901	
     187	-10.10721	
     188	-10.10570	
     189	-10.14155	
     190	-10.12443	
     191	-10.13764	
     192	-10.16915	
     193	-10.14282	
     194	-10.14607	
     195	-10.14887	
     196	-10.10161	
     197	-10.14110	
     198	-10.13682	
     199	-10.13025	
     200	-10.16196	
     201	-10.12125	
     202	-10.15467	
     203	-10.16730	
     204	-10.24165	
     205	-10.30914	
     206	-10.33283	
     207	-10.30362	
     208	-10.30867	
     209	-10.32041	
     210	-10.28819	
     211	-10.22693	
     212	-10.27988	
     213	-10.31217	
     214	-10.28318	
     215	-10.25590	
     216	-10.27873	
     217	-10.28118	
     218	-10.28058	
     219	-10.25502	
     220	-10.29851	
     221	-10.29939	
     222	-10.29604	
     223	-10.29861	
     224	-10.31623	
     225	-10.28540	
     226	-10.32350	
     227	-10.32112	
     228	-10.41633	
     229	-10.45986	
     230	-10.47462	
     231	-10.49741	
     232	-10.47748	
     233	-10.52769	
     234	-10.60891	
     235	-10.61585	
     236	-10.68696	
     237	-10.80745	
     238	-10.78347	
     239	-10.67384	
     240	-10.64765	
     241	-10.66110	
     242	-10.66502	
     243	-10.67283	
     244	-10.71697	
     245	-10.73037	
     246	-10.77695	
     247	-10.75913	
     248	-10.87488	
     249	-10.88901	
     250	-10.89622	
     251	-11.00465	
     252	-11.11685	
     253	-11.18089	
     254	-11.21170	
     255	-11.26395	
     256	-11.28959	
     257	-11.36704	
     258	-11.46651	
     259	-11.43254	
     260	-11.54347	
     261	-11.54841	
     262	-11.48788	
     263	-11.55127	
     264	-11.47762	
     265	-11.52749	
     266	-11.66178	
     267	-11.68178	
     268	-11.66944	
     269	-11.84179	
     270	-11.88867	
     271	-11.96309	
     272	-11.95640	
     273	-11.86675	
     274	-11.94928	
     275	-12.10140	
     276	-12.13927	
     277	-12.23408	
     278	-12.16220	
     279	-12.22697	
     280	-12.39157	
     281	-12.38927	
     282	-12.57572	
     283	-12.75317	
     284	-12.83544	
     285	-12.88889	
     286	-12.86976	
     287	-12.89685	
     288	-12.94214	
     289	-13.03601	
     290	-13.14066	
     291	-13.17145	
     292	-13.26652	
     293	-13.30525	
     294	-13.33799	
     295	-13.34681	
     296	-13.41466	
     297	-13.37531	
     298	-13.39264	
     299	-13.41575	
     300	-13.41601	
     301	-13.43398	
     302	-13.44032	
     303	-13.45114	
     304	-13.47412	
     305	-13.46035	
     306	-13.46026	
     307	-13.45693	
     308	-13.42337	
     309	-13.43396	
     310	-13.41706	
     311	-13.42567	
     312	-13.43658	
     313	-13.44471	
     314	-13.45095	
     315	-13.44129	
     316	-13.45404	
     317	-13.45090	
     318	-13.43554	
     319	-13.43680	
     320	-13.44294	
     321	-13.44593	
     322	-13.43521	
     323	-13.44432	
     324	-13.43929	
     325	-13.43916	
     326	-13.44603	
     327	-13.43844	
     328	-13.43672	
     329	-13.44152	
     330	-13.45319	
     331	-13.44875	
     332	-13.45751	
     333	-13.44371	
     334	-13.44273	
     335	-13.43661	
     336	-13.43764	
     337	-13.43900	
     338	-13.43955	
     339	-13.43860	
     340	-13.43258	
     341	-13.42797	
     342	-13.44827	
     343	-13.45038	
     344	-13.45764	
     345	-13.45523	
     346	-13.45954	
     347	-13.45206	
     348	-13.45260	
     349	-13.44105	
     350	-13.44503	
     351	-13.43142	
     352	-13.41100	
     353	-13.41245	
     354	-13.41633	
     355	-13.40442	
     356	-13.41377	
     357	-13.42102	
     358	-13.41450	
     359	-13.42437	
     360	-13.42562	
     361	-13.44054	
     362	-13.43704	
     363	-13.41899	
     364	-13.41732	
     365	-13.42633	
     366	-13.42066	
     367	-13.41762	
     368	-13.42146	
     369	-13.43265	
