       0	-5.71573	
       1	-9.93402	
       2	-13.81722	
       3	-17.31423	
       4	-18.98106	
       5	-21.46849	
       6	-22.53249	
       7	-23.13059	
       8	-23.34563	
       9	-23.75141	
      10	-24.21540	
      11	-25.07443	
      12	-25.39167	
      13	-24.02841	
      14	-24.93589	
      15	-25.55583	
      16	-25.09939	
      17	-25.95355	
      18	-26.77511	
      19	-26.83556	
      20	-27.13342	
      21	-26.95205	
      22	-27.68780	
      23	-28.64219	
      24	-29.08813	
      25	-28.59540	
      26	-28.22936	
      27	-28.55445	
      28	-29.07347	
      29	-29.29775	
      30	-29.05442	
      31	-29.11958	
      32	-29.74089	
      33	-31.00132	
      34	-31.12650	
      35	-30.78775	
      36	-31.25997	
      37	-31.17710	
      38	-31.71513	
      39	-31.34375	
      40	-31.39960	
      41	-31.94966	
      42	-32.71738	
      43	-33.36772	
      44	-34.47519	
      45	-35.00001	
      46	-34.91862	
      47	-35.15815	
      48	-35.50766	
      49	-35.72647	
      50	-35.99988	
      51	-36.11526	
      52	-35.97991	
      53	-36.09621	
      54	-36.36510	
      55	-36.74383	
      56	-36.70601	
      57	-36.46508	
      58	-36.25977	
      59	-35.25637	
      60	-35.12510	
      61	-35.38937	
      62	-35.89653	
      63	-36.32640	
      64	-36.61799	
      65	-37.26619	
      66	-37.52069	
      67	-38.48636	
      68	-38.80872	
      69	-39.96297	
      70	-40.92388	
      71	-40.68330	
      72	-39.40412	
      73	-39.21809	
      74	-38.89902	
      75	-38.99858	
      76	-39.17482	
      77	-39.03507	
      78	-38.62254	
      79	-36.52083	
      80	-37.86518	
      81	-38.03317	
      82	-37.90529	
      83	-37.39609	
      84	-37.98098	
      85	-36.61435	
      86	-36.94330	
      87	-37.26904	
      88	-37.57727	
      89	-37.58717	
      90	-37.96719	
      91	-37.87760	
      92	-37.55994	
      93	-38.20877	
      94	-38.11638	
      95	-38.47592	
      96	-39.02719	
      97	-39.31007	
      98	-39.50963	
      99	-40.57735	
     100	-40.74278	
     101	-40.10698	
     102	-40.01620	
     103	-45.27198	
     104	-45.47216	
     105	-43.99152	
     106	-44.03494	
     107	-44.23157	
     108	-44.39192	
     109	-44.57880	
     110	-44.39382	
     111	-39.03620	
     112	-37.92822	
     113	-36.61414	
     114	-37.65593	
     115	-36.43842	
     116	-37.42918	
     117	-38.09950	
     118	-37.08116	
     119	-37.61692	
     120	-38.08918	
     121	-38.68198	
     122	-43.96267	
     123	-40.50978	
     124	-40.86317	
     125	-40.91082	
     126	-41.00984	
     127	-41.18103	
     128	-44.65336	
     129	-43.08413	
     130	-42.32058	
     131	-41.94855	
     132	-42.22100	
     133	-42.40833	
     134	-42.43210	
     135	-41.94413	
     136	-41.84550	
     137	-41.88543	
     138	-40.12998	
     139	-39.65006	
     140	-40.01214	
     141	-40.09747	
     142	-37.84730	
     143	-38.11231	
     144	-37.66906	
     145	-38.38433	
     146	-38.94056	
     147	-39.31779	
     148	-38.44474	
     149	-39.03149	
     150	-39.40746	
     151	-39.66238	
     152	-39.96385	
     153	-40.14222	
     154	-40.28868	
     155	-40.51406	
     156	-73.63046	
     157	-73.57263	
     158	-58.10146	
     159	-66.96260	
     160	-62.57379	
     161	-54.62981	
     162	-118.81232	
     163	-116.62685	
     164	-110.69485	
     165	-110.73278	
     166	-104.87499	
     167	-105.43042	
     168	-105.25663	
     169	-105.10270	
     170	-105.20240	
     171	-105.13438	
     172	-40.75028	
     173	-40.68085	
     174	-39.31574	
     175	-39.49062	
     176	-42.50433	
     177	-41.52127	
     178	-66.70652	
     179	-66.91799	
     180	-63.86353	
     181	-63.34339	
     182	-51.00775	
     183	-44.67339	
     184	-45.28979	
     185	-39.64120	
     186	-39.51089	
     187	-81.86358	
     188	-65.09718	
     189	-64.95778	
     190	-59.42013	
     191	-58.25410	
     192	-57.10991	
     193	-62.23362	
     194	-61.72417	
     195	-60.17674	
     196	-57.54676	
     197	-57.87716	
     198	-56.26492	
     199	-56.09770	
     200	-54.76086	
     201	-52.19894	
     202	-52.27897	
     203	-52.42123	
     204	-51.33915	
     205	-51.65961	
     206	-39.59663	
     207	-39.97833	
     208	-39.79493	
     209	-39.48939	
     210	-39.91212	
     211	-39.30037	
     212	-39.47274	
     213	-39.48315	
     214	-42.72688	
     215	-43.01773	
     216	-43.33486	
     217	-43.40628	
     218	-44.09496	
     219	-43.40045	
     220	-41.42937	
     221	-41.51894	
     222	-41.52005	
     223	-41.50537	
     224	-41.65350	
     225	-41.10150	
     226	-38.69274	
     227	-38.96318	
     228	-39.21441	
     229	-39.24789	
     230	-38.63645	
     231	-38.76553	
     232	-37.34514	
     233	-37.69518	
     234	-36.50193	
     235	-36.77469	
     236	-37.91950	
     237	-38.22428	
     238	-38.41353	
     239	-38.25362	
     240	-38.14441	
     241	-38.36588	
     242	-38.98992	
     243	-39.28896	
     244	-39.98643	
     245	-40.25827	
     246	-40.56661	
     247	-40.72118	
     248	-40.86561	
     249	-40.87227	
     250	-40.81646	
     251	-40.80418	
     252	-40.68774	
     253	-40.43504	
     254	-40.49684	
     255	-42.88912	
     256	-42.35311	
     257	-42.24118	
     258	-42.15338	
     259	-41.46227	
     260	-41.27154	
     261	-40.96581	
     262	-40.43193	
     263	-40.59909	
     264	-40.42295	
     265	-40.72205	
     266	-40.70446	
     267	-40.76960	
     268	-38.66133	
     269	-39.26904	
     270	-39.41754	
     271	-37.89864	
     272	-38.20220	
     273	-38.62069	
     274	-38.56387	
     275	-39.02693	
     276	-39.22762	
     277	-39.42875	
     278	-39.50046	
     279	-39.78631	
     280	-39.63621	
     281	-40.22763	
     282	-40.42656	
     283	-40.24173	
     284	-40.85763	
     285	-40.45415	
     286	-40.94579	
     287	-40.32870	
     288	-40.22117	
     289	-40.01744	
     290	-38.72603	
     291	-38.66790	
     292	-38.94543	
     293	-39.33118	
     294	-39.54177	
     295	-39.51280	
     296	-40.28325	
     297	-39.97207	
     298	-40.07408	
     299	-40.15330	
     300	-40.40321	
     301	-40.41421	
     302	-40.19617	
     303	-40.21304	
     304	-39.90156	
     305	-40.07170	
     306	-40.16941	
     307	-40.10591	
     308	-39.91556	
     309	-39.83522	
     310	-39.60575	
     311	-39.40626	
     312	-39.16798	
     313	-39.18409	
     314	-113.28229	
     315	-97.03475	
     316	-86.74450	
     317	-86.46759	
     318	-65.83297	
     319	-59.88532	
